index=cell(1,8);
index{1}=1+[6 0 8 3 4 5 2 20 9 10 18 14 13 17 19 16 27 25 23 26 30 28 24 22 ];
index{2}=1+[7 1 21 15 12 11 29 31 ];
index{3}=1+[4 3 8 2 6 5 0 20 17 14 18 19 11 10 16 15 22 26 30 29 25 24 27 23]; 
index{4}=1+[7 1 12 21 13 9 28 31 ];
index{5}=1+[6 1 4 3 7 8 2 18 12 9 20 21 16 11 10 15 31 29 24 30 28 23 26 25 ];
index{6}=1+[5 0 13 17 14 19 27 22 ];
index{7}=1+[8 4 0 3 5 6 1 9 12 13 18 19 16 17 21 11 26 24 30 23 28 27 22 25 ];
index{8}=1+[2 7 15 10 20 14 29 31 ];
