index1=1+[4 0 6 5 7 ];
index2=1+[2 1 3 9 8 ];
