index=cell(1,8);
index{1}=1+[4 0 3 1 5 8 6 7 ];
index{2}=1+[2 9 ];
index{3}=1+[3 0 1 2 6 7 8 5 ];
index{4}=1+[4 9 ];
index{5}=1+[3 1 0 2 8 6 5 7 ];
index{6}=1+[4 9 ];
index{7}=1+[3 1 0 2 9 8 5 6 ];
index{8}=1+[4 7 ];
